815 338 206 678 75 
117 639 907 414 271 847 864 866 833 617 917 991 766 434 551 772 884 712 654 228 158 122 765 951 79 333 743 600 485 153 146 829 930 49 421 608 611 444 865 264 834 582 827 580 757 881 187 792 462 340 757 385 477 741 92 903 695 433 808 122 13 980 497 163 400 759 
incompleto
incompleto
incompleto
487 565 444 504 449 494 762 942 505 18 331 498 597 41 923 86 379 246 946 470 772 102 190 602 142 102 924 235 319 600 690 246 204 867 243 903 186 432 815 275 555 894 488 402 480 417 66 982 722 764 35 174 302 971 408 979 885 320 110 961 31 103 128 549 611 263 606 509 944 362 938 828 727 839 655 768 328 92 56 651 560 85 484 77 711 756 968 365 220 616 969 609 578 732 884 940 45 990 510 46 666 45 416 342 823 581 703 587 
469 
736 541 38 
103 212 
917 326 267 171 381 650 313 986 137 509 150 340 293 627 671 272 850 654 228 
